eval_accuracy = 0.9468421052631579
eval_loss = 0.1846981844305992
global_step = 11250
loss = 0.0635756539379557
